 5 14 19 13   13 14 24 17 5   13 5 24 17 10   16 8 9 19 13 19 26 1   16   18 24 24 20   19 13   3 2 19 5 12   19 26 5 12 17 12 13 5 19 26 1   5 24   16 20 20   15 12 24 15 20 12 .
 12 26 4 24 10   17 12 16 8 19 26 1   5 14 19 13   13 14 24 17 5   13 5 24 17 10 .   
 
 24 26   16   11 16 26 1 24   5 17 12 12   19 26   16   4 2 26 1 20 12 ,   5 14 12 17 12   20 19 9 12 8   11 16 26 10   6 19 17 8 13 .
 5 14 12 10   22 12 17 12   14 16 15 15 10   19 26   5 14 12 19 17   13 11 16 20 20   26 12 13 5 13 .   
 6 12 18 24 17 12   5 14 12   24 26 13 12 5   24 18   5 14 12   17 16 19 26 10   13 12 16 13 24 26 ,
 16 20 20   5 14 12   16 26 19 11 16 20   24 18   5 14 12   4 2 26 1 20 12   17 12 15 16 19 17 12 8   5 14 12 19 17   14 24 11 12 13 . 
 5 14 12   6 19 17 8 13   16 20 13 24   11 16 8 12   5 14 12 19 17   14 24 11 12 13   11 24 17 12   13 12 7 2 17 12 .   
 
 11 16 26 10   6 19 17 8 13   6 17 24 2 1 14 5   5 22 19 1 13   16 26 8   20 12 16 9 12 13   16 26 8   24 5 14 12 17 13   22 24 9 12   5 14 12 19 17   26 12 13 5 13 .
 “ 22 12   13 14 24 2 20 8   16 20 13 24   13 5 24 17 12   13 24 11 12   18 24 24 8   18 24 17   24 2 17   7 14 19 20 8 17 12 26 , "   
 7 14 19 17 15 12 8   24 26 12   24 18   5 14 12   6 19 17 8 13 .   16 26 8   5 14 12 10   7 24 20 20 12 7 5 12 8   18 24 24 8 ,
 2 26 5 19 20   5 14 12 10   14 16 8   12 26 24 2 1 14   5 24   13 12 12   5 14 12 11   5 14 17 24 2 1 14   5 14 12   17 16 19 26 10   13 12 16 13 24 26 .   
 5 14 12 10   23 12 15 5   5 14 12 11 13 12 20 9 12 13   6 2 13 10   15 17 12 15 16 17 19 26 1   18 24 17   5 14 12   5 24 2 1 14   5 19 11 12 13 .   
 
 13 24 24 26   5 14 12   17 16 19 26 13   7 16 11 12 .   19 5   22 16 13   18 24 20 20 24 22 12 8   6 10   5 14 2 26 8 12 17   16 26 8   20 19 1 14 5 19 26 1 .
 16 20 20   5 14 12   16 26 19 11 16 20 13   16 26 8   6 19 17 8 13   13 5 16 10 12 8   19 26   5 14 12 19 17   14 24 11 12 13 .   
 
 19 5   7 24 26 5 19 26 2 12 8   17 16 19 26 19 26 1   18 24 17   11 16 26 10   8 16 10 13 .   24 26 12   8 16 10 ,
 16   11 24 26 23 12 10   22 12 5   19 26   5 14 12   17 16 19 26   7 16 11 12   19 26 5 24   5 14 12   18 24 17 12 13 5 .   14 12   13 16 5   24 26   16   6 17 16 26 7 14 ,   
 13 14 19 9 12 17 19 26 1   22 19 5 14   7 24 20 8 ,   22 16 5 12 17   8 17 19 15 15 19 26 1   18 17 24 11   19 5 13   6 24 8 10 .   
 
 5 14 12   15 24 24 17   11 24 26 23 12 10   5 17 19 12 8   14 19 13   6 12 13 5   5 24   1 12 5   13 14 12 20 5 12 17 ,   6 2 5   19 26   9 16 19 26 .
 5 14 12   20 12 16 9 12 13   22 12 17 12   26 24 5   12 26 24 2 1 14   5 24   13 16 9 12   14 19 11   18 17 24 11   5 14 12   17 16 19 26 13 .   
 “ 6 17 17 17 !   19 5   19 13   13 24   7 24 20 8 ! "   13 16 19 8   5 14 12   11 24 26 23 12 10 .   
 
 5 14 12   6 19 17 8 13   22 12 17 12   22 16 5 7 14 19 26 1   16 20 20   5 14 19 13 .
 5 14 12 10   18 12 20 5   13 24 17 17 10   18 24 17   5 14 12   11 24 26 23 12 10   6 2 5   5 14 12 17 12   22 16 13   20 19 5 5 20 12   5 14 12 10   7 24 2 20 8   8 24   18 24 17   14 19 11 .
   24 26 12   24 18   5 14 12 11   13 16 19 8 , 
   “ 6 17 24 5 14 12 17 !   24 2 17   13 11 16 20 20   26 12 13 5 13   16 17 12   26 24 5   12 26 24 2 1 14   5 24   1 19 9 12   10 24 2   13 14 12 20 5 12 17 . "   
 
 16 26 24 5 14 12 17   6 19 17 8   13 16 19 8 ,   “ 16 20 20   24 18   2 13   15 17 12 15 16 17 12 8   18 24 17   5 14 12   17 16 19 26 10   13 12 16 13 24 26 .
 19 18   10 24 2   14 16 8 ,   10 24 2   22 24 2 20 8   26 24 5   6 12   19 26   5 14 19 13   15 19 5 12 24 2 13   13 19 5 2 16 5 19 24 26 . "   
 
 22 14 16 5   22 19 20 20   5 14 12   11 24 26 23 12 10   13 16 10 ?   5 14 12   11 24 26 23 12 10   13 16 19 8 , 
 " 5 14 12   18 20 16 1   19 13   12 26 1 20 19 13 14   22 24 17 8 13 " . 
 
 “ 14 24 22   8 16 17 12   10 24 2   5 12 20 20   11 12   22 14 16 5   5 24   8 24 ? "   13 16 19 8   5 14 12   11 24 26 23 12 10 ,
 1 17 24 22 20 19 26 1   16 5   5 14 12   6 19 17 8 .   5 14 12   11 24 26 23 12 10   16 26 1 17 19 20 10   15 24 2 26 7 12 8   24 26   5 14 12   6 19 17 8 ’ 13   26 12 13 5 ,   
 5 24 17 12   19 5   16 26 8   5 14 17 12 22   19 5   24 26   5 14 12   1 17 24 2 26 8 .
 5 14 12   6 19 17 8   16 26 8   14 12 17   7 14 19 7 23 13   22 12 17 12   14 12 20 15 20 12 13 13 .   
 
 5 14 12   15 24 24 17   6 19 17 8   5 14 24 2 1 14 5 ,   “ 18 24 24 20 13   26 12 9 12 17   9 16 20 2 12   1 24 24 8   16 8 9 19 7 12 .
 19 5   19 13   6 12 5 5 12 17   26 24 5   5 24   16 8 9 19 13 12   5 14 12 11 . "   